 141
 108
  20
  87
 113
  44
 145
  34
 196
  34
 105
   2
 126
 189
 182
 249
 107
  35
  87
  41
 179
 224
  29
  47
   0
 234
 117
 124
 204
  43
 201
 115
 199
 137
 162
 182
 225
 137
 254
 227
 251
 200
 246
 189
 205
 197
 125
 133
 223
  78
  54
  93
 211
  61
   5
  13
 108
 151
 171
 148
  83
 229
  33
 163
 209
 141
 147
 105
 138
 239
 215
 104
 137
  37
  96
  59
  47
  35
  24
   4
 175
 149
 232
 101
 193
 173
 115
   1
 106
 149
 125
  90
  13
   4
 111
 252
  87
   6
 222
   1
 166
 105
  61
 118
 140
 200
 110
 219
  53
 137
  43
 116
 125
 139
 207
 189
 126
 142
 137
   2
 128
 250
  78
 232
 188
 209
  91
  77
  88
 155
 201
 119
 150
 174
 217
 153
  10
 196
 194
  15
  29
 216
 141
 230
 204
 119
 236
 123
 237
  98
